	Dodge & Cox Stock	Cash	Top Value	Top Growth	Mid Value	Mid Growth	Sm Value	Sm Growth
	Return, %	Return, %	Return, %	Return, %	Return, %	Return, %	Return, %	Return, %
	Total	Total	Total	Total	Total	Total	Total	Total
Jan-86	1.001600	0.602858	0.752000	0.223000	2.540000	1.923000	0.869000	2.284000
Feb-86	-1.951400	0.600846	7.406000	7.491000	7.494000	8.816000	7.005000	7.376000
Mar-86	14.885300	0.562892	4.668000	6.329000	4.546000	6.004000	5.155000	4.541000
Apr-86	-1.390600	0.517974	-2.598000	-0.351000	-1.788000	1.092000	0.505000	2.449000
May-86	2.914500	0.522860	5.516000	5.293000	4.183000	6.277000	3.243000	3.665000
Jun-86	1.320900	0.530787	1.135000	2.461000	1.198000	1.548000	-0.627000	0.321000
Jul-86	-6.178100	0.498704	-3.488000	-6.356000	-5.537000	-7.958000	-7.992000	-10.747000
Aug-86	7.327300	0.475463	10.034000	4.647000	9.100000	4.537000	4.141000	2.152000
Sep-86	-6.594200	0.442982	-7.242000	-10.642000	-6.179000	-8.287000	-4.357000	-8.140000
Oct-86	5.579000	0.440721	5.469000	5.595000	4.455000	6.037000	2.868000	5.077000
Nov-86	-1.198200	0.456522	2.497000	2.274000	0.554000	0.939000	-0.232000	-0.440000
Dec-86	3.075100	0.468449	-3.132000	-2.122000	-2.734000	-2.970000	-2.418000	-3.359000
Jan-87	13.802899	0.465053	11.878000	14.553000	10.960000	13.890000	10.416000	12.867001
Feb-87	2.942000	0.477074	0.243000	6.502000	4.694000	7.450000	7.147000	9.683000
Mar-87	2.598800	0.474508	3.574000	1.731000	0.582000	1.350000	2.654000	2.743000
Apr-87	0.158600	0.491684	-0.465000	-1.594000	-2.416000	-2.600000	-2.628000	-3.096000
May-87	0.870700	0.491062	0.481000	1.287000	0.071000	0.645000	0.062000	-0.703000
Jun-87	5.722500	0.485408	5.179000	5.020000	4.042000	4.093000	2.639000	2.480000
Jul-87	4.952700	0.493661	3.906000	4.854000	4.102000	4.551000	3.843000	2.392000
Aug-87	3.960200	0.512326	4.046000	4.787000	3.134000	4.126000	2.986000	2.891000
Sep-87	-0.076100	0.540024	-1.901000	-2.737000	-1.709000	-2.209000	-1.689000	-1.997000
Oct-87	-19.862200	0.552776	-18.454000	-21.672000	-22.729000	-27.472001	-28.285000	-32.949999
Nov-87	-12.292300	0.496118	-8.201000	-9.201000	-4.668000	-6.956000	-4.200000	-6.611000
Dec-87	13.787100	0.495103	5.354000	7.808000	5.984000	13.019000	5.884000	10.404000
Jan-88	4.128700	0.500657	8.313000	1.221000	6.955000	1.013000	6.750000	1.952000
Feb-88	4.839700	0.488222	3.102000	4.494000	6.420000	8.202000	8.694000	9.310000
Mar-88	-3.729100	0.487546	-3.237000	-4.747000	-0.062000	0.452000	4.050000	5.356000
Apr-88	1.047100	0.505150	2.029000	-0.002000	0.647000	0.565000	2.121000	2.415000
May-88	0.921100	0.539831	1.983000	0.187000	0.712000	-1.770000	-2.145000	-3.296000
Jun-88	5.631700	0.572839	3.546000	4.843000	6.423000	7.557000	6.903000	7.379000
Jul-88	-1.741000	0.575942	0.511000	-0.747000	-0.712000	-3.785000	-0.057000	-1.861000
Aug-88	-3.433000	0.624377	-2.527000	-3.599000	-1.100000	-3.809000	-1.514000	-3.636000
Sep-88	2.983600	0.638279	3.410000	5.536000	3.018000	3.956000	2.461000	2.832000
Oct-88	2.131800	0.649991	2.988000	2.974000	1.149000	-0.604000	-0.579000	-1.663000
Nov-88	-1.071100	0.695470	-0.455000	-1.684000	-2.392000	-2.407000	-2.793000	-3.895000
Dec-88	1.772200	0.718819	0.905000	2.489000	1.681000	3.722000	2.993000	4.890000
Jan-89	7.544000	0.711559	7.357000	7.431000	6.053000	5.894000	4.652000	4.268000
Feb-89	-3.032700	0.735607	-2.694000	-2.939000	0.211000	-0.820000	1.228000	0.243000
Mar-89	1.339500	0.760673	2.350000	2.816000	1.960000	1.225000	1.934000	2.776000
Apr-89	4.245500	0.746597	4.057000	6.150000	4.162000	5.696000	3.732000	4.985000
May-89	3.502000	0.721937	4.046000	4.216000	3.893000	5.313000	3.800000	4.790000
Jun-89	-1.083800	0.698798	-0.863000	-0.405000	0.367000	-1.340000	-1.305000	-3.220000
Jul-89	8.424800	0.674071	6.983000	10.996000	6.367000	7.835000	3.109000	4.687000
Aug-89	3.013900	0.682974	2.156000	0.818000	2.978000	3.871000	1.997000	2.875000
Sep-89	-1.759000	0.661244	-0.589000	0.644000	-1.532000	-0.035000	-0.520000	1.149000
Oct-89	-2.085800	0.653154	-2.610000	-0.841000	-5.106000	-4.169000	-6.390000	-5.472000
Nov-89	1.819100	0.655119	1.448000	2.702000	0.656000	2.367000	0.385000	0.887000
Dec-89	2.883300	0.654060	2.822000	1.627000	1.193000	2.528000	-0.348000	1.134000
Jan-90	-5.355900	0.656424	-5.717000	-7.583000	-7.101000	-9.267000	-7.088000	-10.322000
Feb-90	1.861500	0.664066	2.823000	0.214000	2.007000	2.056000	2.405000	3.791000
Mar-90	1.990500	0.677574	0.948000	3.902000	1.152000	4.191000	3.239000	4.583000
Apr-90	-2.984400	0.668932	-3.012000	-0.754000	-5.455000	-2.766000	-3.586000	-2.967000
May-90	9.228500	0.664010	8.410000	10.435000	8.102000	10.284000	5.125000	8.915000
Jun-90	-1.435300	0.662710	-2.344000	1.025000	-2.142000	1.235000	-0.101000	0.593000
Jul-90	-1.230600	0.653639	0.125000	-0.196000	-2.825000	-3.188000	-4.224000	-4.541000
Aug-90	-9.873100	0.635364	-8.119000	-8.962000	-10.149000	-11.629000	-12.254000	-14.478000
Sep-90	-5.682600	0.631585	-3.384000	-4.985000	-7.848000	-6.774000	-8.309000	-9.473000
Oct-90	-2.009500	0.615152	-0.132000	1.053000	-4.046000	-1.869000	-6.601000	-5.607000
Nov-90	8.516100	0.603817	6.072000	5.627000	8.872000	10.703000	6.050000	9.193000
Dec-90	3.518800	0.575328	1.818000	3.241000	4.137000	4.539000	3.048000	4.770000
Jan-91	5.645800	0.534158	3.692000	4.402000	6.247000	7.501000	8.603000	9.391000
Feb-91	6.637400	0.507856	6.010000	7.674000	7.985000	8.804000	10.920000	11.489000
Mar-91	0.399800	0.504392	0.579000	3.537000	3.338000	5.226000	6.979000	7.045000
Apr-91	0.734600	0.483546	0.240000	-0.333000	1.749000	-0.890000	0.767000	-1.190000
May-91	6.084800	0.468550	3.331000	4.267000	4.518000	5.056000	4.691000	4.829000
Jun-91	-6.479300	0.478090	-4.326000	-4.519000	-3.987000	-5.450000	-4.682000	-6.806000
Jul-91	3.632600	0.481980	3.827000	5.452000	4.810000	5.045000	2.597000	4.532000
Aug-91	1.853100	0.456003	1.195000	3.397000	2.904000	3.125000	3.035000	4.414000
Sep-91	-1.468100	0.447825	-0.645000	-2.190000	-0.890000	-0.115000	0.116000	1.508000
Oct-91	1.075300	0.427804	1.501000	1.361000	1.923000	2.244000	1.137000	4.258000
Nov-91	-6.338700	0.393979	-5.394000	-2.333000	-4.690000	-3.298000	-4.058000	-5.217000
Dec-91	9.143300	0.347417	7.582000	14.336000	9.719000	13.427000	6.484000	9.576000
Jan-92	0.356800	0.325609	-1.295000	-3.361000	2.573000	0.890000	8.365000	7.855000
Feb-92	3.221500	0.326906	1.644000	0.135000	3.732000	0.216000	4.770000	1.067000
Mar-92	-2.380200	0.345033	-1.406000	-2.321000	-1.518000	-4.108000	-1.088000	-5.751000
Apr-92	2.994000	0.317920	5.423000	1.494000	2.550000	-1.914000	-1.385000	-5.806000
May-92	0.925900	0.311616	0.235000	0.890000	0.930000	0.195000	2.719000	-0.224000
Jun-92	-2.234900	0.312760	-0.531000	-2.383000	-0.774000	-2.975000	-3.238000	-6.377000
Jul-92	3.096900	0.271785	3.771000	4.486000	4.009000	4.458000	3.767000	3.139000
Aug-92	-3.834700	0.267690	-3.144000	-1.200000	-2.922000	-1.309000	-1.949000	-3.850000
Sep-92	2.522100	0.242895	0.999000	0.865000	2.000000	2.191000	1.888000	2.792000
Oct-92	0.695700	0.243351	-1.169000	1.057000	2.086000	3.012000	2.334000	4.112000
Nov-92	4.037100	0.269641	2.669000	3.758000	4.215000	6.319000	6.187000	9.333000
Dec-92	1.268000	0.274734	1.842000	0.711000	3.191000	1.916000	4.147000	2.744000
Jan-93	1.819300	0.259889	3.157000	-1.873000	2.530000	1.179000	5.306000	1.240000
Feb-93	3.411200	0.250740	4.441000	-1.098000	2.161000	-3.079000	0.400000	-5.431000
Mar-93	2.396700	0.252381	2.603000	1.619000	3.472000	2.896000	3.793000	2.576000
Apr-93	1.149000	0.244547	-0.965000	-3.965000	-1.760000	-4.107000	-2.403000	-3.173000
May-93	3.022700	0.251337	1.851000	3.110000	2.253000	4.719000	3.145000	5.995000
Jun-93	0.608200	0.262372	2.283000	-1.083000	2.083000	-0.411000	0.943000	0.238000
Jul-93	0.000000	0.259236	1.131000	-2.388000	1.096000	-0.315000	1.717000	0.998000
Aug-93	4.162800	0.258566	3.728000	3.382000	3.409000	5.814000	3.908000	4.789000
Sep-93	-0.729100	0.249979	0.400000	-1.581000	-0.258000	1.197000	2.397000	3.303000
Oct-93	0.761700	0.257864	0.542000	3.301000	-1.134000	1.611000	2.290000	2.892000
Nov-93	-1.079900	0.265080	-1.923000	0.065000	-2.312000	-2.326000	-2.545000	-4.045000
Dec-93	1.575000	0.261155	1.111000	0.764000	3.302000	4.013000	2.942000	3.946000
Jan-94	5.692300	0.254043	4.279000	2.196000	2.913000	2.573000	3.562000	2.662000
Feb-94	-2.239600	0.281867	-4.339000	-2.246000	-1.778000	-0.860000	-0.293000	-0.440000
Mar-94	-3.856600	0.304064	-3.631000	-4.888000	-3.874000	-4.713000	-4.475000	-6.143000
Apr-94	1.357600	0.318091	2.173000	0.803000	1.473000	-0.244000	0.983000	0.153000
May-94	1.811000	0.357015	1.737000	2.124000	0.127000	0.146000	-0.143000	-2.241000
Jun-94	-2.449200	0.355349	-2.708000	-2.354000	-1.836000	-4.302000	-2.595000	-4.273000
Jul-94	3.684600	0.373817	2.621000	3.706000	3.997000	2.770000	1.848000	1.425000
Aug-94	4.695300	0.383234	2.403000	5.404000	3.712000	5.965000	3.933000	7.338000
Sep-94	-2.876800	0.396063	-3.428000	-1.243000	-3.127000	-1.649000	-1.064000	0.419000
Oct-94	2.402200	0.422777	2.239000	2.636000	-0.087000	1.728000	-1.834000	1.065000
Nov-94	-3.820900	0.455951	-3.832000	-2.666000	-4.414000	-4.410000	-4.037000	-4.046000
Dec-94	1.277300	0.485390	1.122000	1.795000	1.206000	1.402000	3.001000	2.356000
Jan-95	1.835400	0.495357	3.219000	2.526000	2.824000	1.202000	-0.484000	-2.037000
Feb-95	4.332800	0.493490	3.350000	3.716000	5.047000	5.321000	3.703000	4.621000
Mar-95	3.340100	0.489352	2.370000	2.482000	1.881000	3.966000	0.487000	2.921000
Apr-95	2.981800	0.484126	3.744000	2.769000	2.115000	0.839000	2.974000	1.504000
May-95	4.285200	0.485566	4.314000	3.920000	4.019000	2.465000	2.144000	1.310000
Jun-95	1.065800	0.466324	0.834000	3.572000	2.305000	4.551000	3.417000	6.891000
Jul-95	4.007600	0.466028	3.479500	3.188100	3.485900	6.293500	3.648500	7.793800
Aug-95	1.486700	0.460704	1.139100	-0.352600	1.958900	1.094400	2.971100	1.234200
Sep-95	2.298900	0.450445	4.281900	5.745200	2.293700	2.225500	1.493100	2.058800
Oct-95	-3.053400	0.451743	-0.522100	1.266500	-1.949900	-2.526600	-3.994300	-4.918700
Nov-95	5.163500	0.457601	4.865300	3.633100	5.468300	4.469700	3.974300	4.414700
Dec-95	1.768400	0.440357	3.208900	0.801100	1.093500	0.055500	3.097700	2.215300
Jan-96	2.432600	0.427880	3.438500	4.034800	2.432400	1.765900	0.663900	-0.828100
Feb-96	1.468100	0.411752	0.663800	0.987800	0.950300	3.782900	1.566900	4.560100
Mar-96	2.267400	0.423047	1.507700	-0.161400	2.109900	0.785800	2.099000	1.977400
Apr-96	3.307800	0.390918	0.169000	1.653000	0.849500	4.832400	2.728500	7.676800
May-96	1.242900	0.428568	1.388700	4.159100	0.953800	2.041400	2.532300	5.128300
Jun-96	-1.269500	0.435644	0.068900	1.561200	0.107900	-3.021900	-1.180800	-6.497600
Jul-96	-4.194400	0.441203	-3.303200	-5.067200	-4.755900	-7.762900	-5.316500	-12.208000
Aug-96	3.570400	0.431673	2.219200	1.439600	4.192900	5.404400	4.338900	7.403200
Sep-96	3.119100	0.437025	4.123200	7.671500	3.670900	6.351600	2.730000	5.149500
Oct-96	1.612000	0.426722	4.463300	1.344000	2.633000	-1.171000	1.159700	-4.314000
Nov-96	8.627300	0.428917	7.718600	8.175100	6.275600	5.891000	5.380700	2.781000
Dec-96	-1.371000	0.401749	-1.680500	-2.067000	-0.417200	-1.684800	3.245900	1.949500
Jan-97	3.658700	0.429525	5.653800	8.039300	3.141500	4.423800	1.537800	2.497800
Feb-97	0.737300	0.426483	1.364900	-0.093200	1.695200	-2.200400	0.948800	-6.039100
Mar-97	-1.885000	0.438211	-3.852700	-5.322700	-3.038900	-5.652200	-2.681800	-7.056600
Apr-97	3.827600	0.441930	4.982000	8.208000	2.521600	2.449400	1.470100	-1.156800
May-97	6.600100	0.435399	5.444500	6.597300	5.895400	8.960700	7.961400	15.030600
Jun-97	4.284700	0.423024	4.559100	4.449800	3.711500	2.769200	5.060400	3.390700
Jul-97	8.063100	0.431685	7.570200	8.605600	7.425500	9.570000	4.197400	5.123500
Aug-97	-2.553400	0.437544	-4.737200	-7.457900	-1.168000	-0.975100	1.587400	3.001000
Sep-97	4.682100	0.424617	5.965600	4.872500	6.201800	5.060000	6.649700	7.980000
Oct-97	-3.979700	0.422988	-2.667300	-3.229400	-3.039600	-5.005500	-2.718600	-6.006500
Nov-97	1.547900	0.439088	4.955600	5.367800	3.374900	1.049500	1.095700	-2.384300
Dec-97	1.018200	0.447719	2.473700	1.064800	3.825800	1.313800	3.389600	0.056400
Jan-98	-0.528700	0.440800	-1.149200	4.586900	-1.942800	-1.801500	-1.809100	-1.334000
Feb-98	5.283300	0.447035	6.757300	6.935400	6.681600	9.403000	6.045300	8.828400
Mar-98	4.777000	0.440653	6.599700	3.920700	5.147200	4.190500	4.055800	4.195000
Apr-98	1.482600	0.436129	1.273500	1.392900	-0.558100	1.358900	0.494100	0.613200
May-98	-2.670300	0.440040	-1.066800	-2.431600	-2.334500	-4.113300	-3.539900	-7.265300
Jun-98	0.181700	0.436667	1.744000	7.155400	0.317800	2.828600	-0.565100	1.021900
Jul-98	-5.189800	0.433650	-0.033500	0.274000	-5.070100	-4.282900	-7.832500	-8.350800
Aug-98	-13.584800	0.429868	-15.290999	-14.007001	-14.061700	-19.085100	-15.660800	-23.083800
Sep-98	4.605000	0.406634	5.690300	7.708600	5.835700	7.562800	5.647400	10.138800
Oct-98	7.775800	0.348327	8.384300	8.192300	6.475600	7.363900	2.969100	5.215700
Nov-98	5.059000	0.387539	5.227800	7.800900	3.514800	6.745000	2.706900	7.756800
Dec-98	0.030600	0.385730	3.577000	8.716000	3.038500	10.356800	3.135400	9.049800
Jan-99	-0.033100	0.378941	2.325100	6.533600	-2.330500	2.997400	-2.269700	4.497800
Feb-99	-1.091900	0.388550	-1.044200	-4.497500	-2.198400	-4.890700	-6.827400	-9.147700
Mar-99	5.719500	0.390918	2.367800	5.202500	1.428000	5.568700	-0.824800	3.562000
Apr-99	11.709800	0.372425	9.284200	-0.839500	9.470900	4.557600	9.129000	8.830800
May-99	-0.124900	0.394714	-1.777800	-3.484600	0.417400	-1.287000	3.073600	0.158300
Jun-99	4.546100	0.405257	3.697600	7.007900	1.140700	6.981600	3.620800	5.267800
Jul-99	-2.778300	0.399809	-3.111000	-3.175900	-2.503800	-3.183500	-2.373300	-3.092400
Aug-99	-1.424100	0.419176	-3.855300	2.156400	-3.455800	-1.039600	-3.655200	-3.740000
Sep-99	-4.406600	0.411376	-2.785200	-2.337000	-5.061200	-0.852100	-1.999100	1.928900
Oct-99	1.385200	0.427766	6.994700	7.520200	2.950400	7.732100	-2.001200	2.561400
Nov-99	1.446100	0.447091	-0.339800	4.467500	-1.834200	10.356700	0.518300	10.573700
Dec-99	4.629200	0.460779	-0.418500	9.030700	2.678200	17.314599	3.072500	17.625400
Jan-00	-4.964200	0.472933	-2.117500	-5.670300	-5.980500	-0.019600	-2.615100	-0.930800
Feb-00	-5.045500	0.492009	-8.736300	1.256000	-4.182100	21.022400	6.111900	23.266400
Mar-00	11.112100	0.503290	12.235400	9.072600	12.122100	0.103100	0.469000	-10.511400
Apr-00	2.451000	0.497694	-1.826400	-3.512600	0.400300	-9.707200	0.591600	-10.096600
May-00	2.126600	0.517090	0.763200	-4.500400	1.719300	-7.289400	-1.525700	-8.756300
Jun-00	-6.548000	0.503991	-4.938500	6.874800	-3.727300	10.610400	2.921800	12.918100
Jul-00	1.787800	0.523969	0.819900	-3.751100	2.336700	-6.331900	3.331900	-8.570000
Aug-00	4.835500	0.537598	5.336000	7.886400	6.130900	15.081400	4.470700	10.518700
Sep-00	-0.437200	0.528871	0.897800	-10.402800	0.957500	-4.888800	-0.566700	-4.967900
Oct-00	3.160400	0.538016	2.679700	-4.266000	1.901100	-6.844400	-0.355100	-8.117400
Nov-00	-0.296500	0.544317	-4.669900	-13.242300	-1.303500	-21.730900	-2.035500	-18.156400
Dec-00	8.560600	0.526481	3.467200	-4.803900	8.820900	5.265600	10.744800	6.118600
Jan-01	2.089600	0.456651	0.701700	7.164000	-0.362800	5.712700	2.760200	8.094000
Feb-01	0.233100	0.425364	-3.782300	-16.908300	-0.423000	-17.297100	-0.137900	-13.707200
Mar-01	-1.346800	0.388658	-3.868600	-10.151800	-2.768900	-14.311700	-1.604100	-9.091800
Apr-01	6.199100	0.340657	4.645500	11.830900	5.496700	16.669300	4.628500	12.242100
May-01	3.046400	0.314199	1.983100	-1.684700	2.839100	-0.470100	2.571600	2.316300
Jun-01	-1.949300	0.302523	-2.610000	-2.818900	-1.333000	0.052400	4.023300	2.727000
Jul-01	0.830100	0.308307	-0.135200	-1.568300	-0.401800	-6.743900	-2.242400	-8.531000
Aug-01	-1.878900	0.291556	-4.890100	-8.369000	-1.825900	-7.248100	-0.346500	-6.244700
Sep-01	-9.264000	0.249139	-5.993600	-8.615800	-9.541400	-16.526800	-11.038800	-16.135700
Oct-01	1.093100	0.188897	-1.416500	4.239400	0.532900	10.511700	2.611900	9.620400
Nov-01	8.163900	0.164466	5.331300	9.371200	6.999800	10.765800	7.185400	8.347200
Dec-01	2.826900	0.147993	1.617300	-1.012200	4.145600	3.801500	6.122600	6.226000
Jan-02	-0.189000	0.141841	-1.513000	-1.447100	1.010100	-3.248000	1.327300	-3.557600
Feb-02	0.807400	0.149315	-0.465900	-3.826600	1.625000	-5.669100	0.608900	-6.472100
Mar-02	4.247000	0.156486	4.566600	2.587300	5.110300	7.632700	7.488900	8.691800
Apr-02	-3.152100	0.148457	-4.908200	-8.790900	-0.065000	-5.294000	3.519900	-2.163500
May-02	1.356900	0.149979	0.803200	-2.291000	-0.151400	-2.984600	-3.307200	-5.846800
Jun-02	-4.463800	0.147345	-6.325700	-8.842800	-4.463700	-11.035700	-2.214000	-8.480000
Jul-02	-8.909300	0.145124	-9.094000	-4.437900	-9.789600	-9.714200	-14.857700	-15.369099
Aug-02	2.338900	0.139977	0.588100	0.452700	1.162800	-0.348100	-0.444300	-0.046500
Sep-02	-9.716400	0.139248	-11.537500	-10.946900	-10.095500	-7.945700	-7.143000	-7.222900
Oct-02	3.589200	0.138788	9.170600	9.522900	3.176800	7.746600	1.504000	5.058000
Nov-02	8.198300	0.108033	6.301700	4.853700	6.297100	7.826100	7.979900	9.913200
Dec-02	-3.585600	0.103005	-5.115700	-7.121800	-2.377000	-6.041500	-4.272300	-6.896300
Jan-03	-2.952900	0.100512	-2.279600	-2.789500	-2.769500	-0.981600	-2.815800	-2.716400
Feb-03	-2.352300	0.100014	-3.069600	-0.354600	-1.657900	-0.869100	-3.361500	-2.666700
Mar-03	-0.055800	0.096738	0.094800	1.859800	0.341000	1.861200	1.067900	1.514000
Apr-03	7.069700	0.098892	9.290900	7.542300	7.604800	6.809400	9.498400	9.463600
May-03	7.919000	0.092455	5.509400	3.821900	8.801000	9.622400	10.210400	11.269300
Jun-03	0.902900	0.080361	1.481300	1.362800	0.698700	1.426000	1.694400	1.926800
Jul-03	3.676000	0.077791	0.812100	2.224200	3.107300	3.572400	4.986700	7.559700
Aug-03	2.554100	0.082210	0.706600	1.740600	3.551100	5.508000	3.798500	5.371400
Sep-03	-1.024200	0.081221	-1.063000	-0.849000	-0.776100	-1.939500	-1.146900	-2.531800
Oct-03	5.595200	0.079577	5.580700	4.996200	7.339900	8.059600	8.153900	8.639100
Nov-03	1.697500	0.080565	0.665300	0.620800	2.897100	2.675700	3.838600	3.260100
Dec-03	6.049900	0.076955	7.013700	4.090800	4.317200	1.091300	3.616600	0.447100
Jan-04	3.955000	0.076764	1.362700	1.715400	2.638700	3.302100	3.457500	5.253600
Feb-04	1.953000	0.079459	1.993300	0.362600	2.472300	1.677100	1.936300	-0.154700
Mar-04	-0.966700	0.080837	-1.350100	-2.295500	0.161300	-0.190900	1.382900	0.467400
Apr-04	-2.198500	0.080641	-1.601300	-0.717600	-4.229400	-2.822300	-5.171500	-5.020000
May-04	0.749300	0.088947	0.313000	1.733800	2.562700	2.358600	1.207000	1.989100
Jun-04	2.566300	0.110693	1.795900	1.175400	3.568700	1.591700	5.078800	3.327600
Jul-04	-3.001400	0.116184	-0.826200	-5.359200	-2.709300	-6.622800	-4.597000	-8.976200
Aug-04	-0.103400	0.129350	1.339700	-0.273100	1.610000	-1.232900	0.981000	-2.152500
Sep-04	2.935500	0.143898	0.951600	0.130800	2.911400	3.733800	3.955600	5.529300
Oct-04	2.337500	0.150973	1.370900	0.998300	2.314200	3.392200	1.553300	2.430000
Nov-04	5.891100	0.180219	4.295700	2.894600	6.756400	5.164200	8.873700	8.452200
Dec-04	3.940100	0.190653	3.105700	3.632000	3.876100	4.790900	2.386800	3.594200
Jan-05	-2.265400	0.203614	-1.517000	-3.554100	-2.328900	-2.676400	-3.868300	-4.504900
Feb-05	3.001500	0.224243	3.233200	0.567600	3.490400	2.532000	1.985700	1.372500
Mar-05	-0.542400	0.239070	-1.865200	-1.946300	-0.300800	-1.461300	-2.058700	-3.751000
Apr-05	-2.585300	0.241327	-1.396200	-1.194200	-2.638200	-3.957200	-5.158400	-6.364100
May-05	2.582400	0.249078	1.610900	4.538900	4.134900	5.727400	6.099100	7.050200
Jun-05	0.633300	0.260096	0.110400	-1.149000	3.269400	1.859800	4.422000	3.233100
Jul-05	3.606500	0.279063	2.077100	4.528900	4.763800	5.835100	5.690000	6.990200
Aug-05	0.752800	0.300798	-0.280400	-1.542900	-0.782000	-0.610700	-2.295800	-1.409200
Sep-05	1.016500	0.300530	1.425800	0.141100	1.354800	1.294400	-0.165300	0.792300
Oct-05	-1.770600	0.325421	-2.310400	-0.208600	-3.060100	-2.943100	-2.511600	-3.695700
Nov-05	3.104000	0.340369	3.157900	3.896400	3.526300	5.425200	4.056500	5.661800
Dec-05	1.711200	0.338838	0.459300	-0.849800	0.974100	1.096400	-0.767700	-0.148800
Jan-06	3.986300	0.369360	3.687700	0.124800	4.335200	5.988700	8.269300	9.645900
Feb-06	-0.392500	0.388203	0.464000	0.275300	0.946400	-1.231300	-0.006800	-0.533100
Mar-06	1.659100	0.394404	0.995400	0.949300	2.180300	2.794300	4.843500	4.860400
Apr-06	2.524200	0.400897	3.234400	-0.363900	0.963200	0.424200	0.267400	-0.288800
May-06	-1.716000	0.412729	-2.711200	-2.850500	-2.093800	-4.707400	-4.140800	-7.037500
Jun-06	0.041600	0.421097	0.656100	-0.388600	0.600600	-0.407900	1.228300	0.060500
Jul-06	0.629900	0.434242	3.588100	-1.143700	-0.566200	-3.584300	-1.386800	-5.194900
Aug-06	1.244900	0.435771	1.258600	3.480800	2.802600	2.304100	2.989100	2.928900
Sep-06	2.880400	0.421401	2.260800	2.949400	1.278900	2.282000	0.976000	0.676900
Oct-06	2.931600	0.429285	2.984500	3.376600	4.052500	3.838100	5.089600	6.479400
Nov-06	1.250100	0.432496	1.935700	1.140700	3.223900	3.924700	2.851500	2.394400
Dec-06	2.223300	0.423815	2.695800	0.887000	1.020300	-0.896800	0.871000	-0.238100
Jan-07	2.013600	0.435248	0.623600	2.104600	3.080700	3.639600	1.497900	1.860400
Feb-07	-1.609700	0.440597	-2.356800	-2.614200	0.597300	-0.215800	-1.228000	-0.316200
Mar-07	1.344600	0.434295	1.709700	0.548800	1.119900	0.525200	1.206900	0.923400
Apr-07	3.402500	0.426068	3.907400	4.853100	3.138800	4.390500	1.037600	2.621700
May-07	3.528700	0.417705	3.669200	3.389700	3.441600	4.056000	3.666500	4.553800
Jun-07	-1.531900	0.406058	-2.144300	-1.363600	-2.845400	-1.734200	-2.330800	-0.565700
Jul-07	-3.602900	0.424038	-4.277300	-1.208800	-5.576300	-2.238200	-8.511100	-5.192000
Aug-07	-0.422400	0.368831	1.634600	2.113500	-0.308000	0.541400	2.003500	2.514800
Sep-07	2.178200	0.350196	3.777000	4.318700	2.462900	3.923700	0.451400	2.905300
Oct-07	0.403900	0.345645	-0.115700	3.810900	0.377200	2.550200	1.089100	4.502000
Nov-07	-2.796800	0.295377	-4.754600	-3.346500	-5.270800	-4.403600	-7.492000	-6.906100
Dec-07	-2.433500	0.272151	-0.919700	-0.651300	-1.106300	0.274800	-0.845300	0.628200
Jan-08	-5.446300	0.238425	-3.818300	-7.729400	-4.556500	-7.946200	-4.103600	-9.173600
Feb-08	-3.794100	0.191784	-4.489800	-2.197200	-3.296600	-1.523700	-3.974300	-3.461100
Mar-08	-3.183600	0.119834	-0.660100	-0.077300	-1.019800	-1.765900	1.507300	-0.582100
Apr-08	6.225500	0.113129	4.459300	4.347200	6.095200	7.255400	3.164000	5.138200
May-08	0.972800	0.154133	-1.444800	2.925700	3.549200	5.268200	3.418900	5.664600
Jun-08	-10.941700	0.163712	-9.791000	-7.153000	-8.914500	-7.314300	-9.595000	-5.961400
Jul-08	0.952100	0.144408	-0.036700	-1.084000	-1.149100	-3.797800	5.126300	2.325200
Aug-08	0.676200	0.154210	1.223400	1.145500	2.857600	0.915500	4.753100	2.484200
Sep-08	-13.515900	0.119832	-6.648100	-10.044000	-9.047100	-15.276501	-4.687500	-11.302400
Oct-08	-18.206100	0.066855	-15.129000	-15.906200	-22.758400	-21.946099	-19.977599	-21.703500
Nov-08	-9.046400	0.025446	-6.104400	-7.115400	-10.112200	-10.242500	-11.580900	-12.100900
Dec-08	3.051900	0.003362	0.178800	1.145800	4.870700	3.677800	6.151600	5.424000
Jan-09	-9.802300	0.011991	-11.916300	-4.922700	-10.326700	-4.501600	-14.284800	-7.607900
Feb-09	-13.282700	0.026444	-13.677301	-7.491200	-12.485900	-7.609700	-13.890000	-10.354200
Mar-09	8.849000	0.020500	8.484400	8.700300	8.726500	9.526800	8.878500	8.975400
Apr-09	14.546899	0.014000	8.507900	7.902300	16.697501	14.210500	15.867400	15.050600
May-09	7.494800	0.016014	7.289100	4.874500	3.428800	5.168500	2.162200	3.871900
